请输入团队数量: 8
请输入项目数量: 8
请输入每个团队的名称:
团队 0 名称: TeamA
团队 1 名称: TeamB
团队 2 名称: TeamC
团队 3 名称: TeamD
团队 4 名称: TeamE
团队 5 名称: TeamF
团队 6 名称: TeamG
团队 7 名称: TeamH
请输入每个项目的名称:
项目 0 名称: Project1
项目 1 名称: Project2
项目 2 名称: Project3
项目 3 名称: Project4
项目 4 名称: Project5
项目 5 名称: Project6
项目 6 名称: Project7
项目 7 名称: Project8
请输入团队对项目的偏好（每行输入一个团队对所有项目的偏好，按优先级从高到低排列）:
0 1 2 3 4 5 6 7
1 2 3 4 5 6 7 0
2 3 4 5 6 7 0 1
3 4 5 6 7 0 1 2
4 5 6 7 0 1 2 3
5 6 7 0 1 2 3 4
6 7 0 1 2 3 4 5
7 0 1 2 3 4 5 6
请输入项目对团队的偏好（每行输入一个项目对所有团队的偏好，按优先级从高到低排列）:
0 1 2 3 4 5 6 7
1 2 3 4 5 6 7 0
2 3 4 5 6 7 0 1
3 4 5 6 7 0 1 2
4 5 6 7 0 1 2 3
5 6 7 0 1 2 3 4
6 7 0 1 2 3 4 5
7 0 1 2 3 4 5 6
请输入项目之间的依赖关系（格式：项目A 项目B 表示项目A依赖于项目B，输入-1 -1结束）:
1 0
2 1
3 2
4 3
5 4
6 5
7 6
-1 -1
请输入每个项目的优先级权重（按项目编号顺序）:
10
19
31
80
50
63
67
